0.00 98.58
1.00 98.59
2.00 98.57
3.00 98.50
4.00 98.48
5.00 98.43
6.00 98.36
7.00 98.37
8.00 98.26
9.00 98.25
10.00 98.27
11.00 98.18
12.00 98.12
13.00 98.07
14.00 98.03
15.00 98.02
16.00 98.04
17.00 97.98
18.00 97.97
19.00 97.92
20.00 97.81
21.00 97.72
22.00 97.68
23.00 97.64
24.00 97.55
25.00 97.51
26.00 97.40
27.00 97.45
28.00 97.40
29.00 97.32
30.00 97.27
31.00 97.19
32.00 97.19
33.00 97.09
34.00 97.05
35.00 96.97
36.00 96.76
37.00 96.74
38.00 96.55
39.00 96.56
40.00 96.49
41.00 96.33
42.00 96.20
43.00 96.17
44.00 96.05
45.00 95.99
46.00 95.85
47.00 95.75
48.00 95.70
49.00 95.54
50.00 95.40
